806 68
807 68.3707
808 68.6278
809 68.8885
810 69.1502
811 69.4103
812 69.6706
813 69.93
814 70.1887
815 70.4465
816 70.7033
817 70.9591
818 71.2136
819 71.4666
820 71.7183
821 71.9683
822 72.2165
823 72.463
824 72.7075
825 72.9498
826 73.1899
827 73.4277
828 73.663
829 73.8957
830 74.1258
831 74.3529
832 74.5772
833 74.7982
834 75.0162
835 75.2308
836 75.4419
837 75.6494
838 75.8533
839 76.0533
840 76.2494
841 76.4414
842 76.6292
843 76.8128
844 76.9918
845 77.1663
846 77.3363
847 77.5019
848 77.6632
849 77.8204
850 77.9736
851 78.123
852 78.2687
853 78.4109
854 78.5496
855 78.6852
856 78.8176
857 78.9471
858 79.0737
859 79.1976
860 79.319
861 79.4381
862 79.5549
863 79.6696
864 79.7824
865 79.8933
866 80.0026
867 80.1104
868 80.2167
869 80.3219
870 80.4259
871 80.5291
872 80.6314
873 80.7331
874 80.8342
875 80.935
876 81.0356
877 81.1361
878 81.2366
879 81.3373
880 81.4381
881 81.539
882 81.6399
883 81.7409
884 81.8418
885 81.9426
886 82.0432
887 82.1436
888 82.2439
889 82.344
890 82.4437
891 82.543
892 82.6419
893 82.7405
894 82.8386
895 82.9361
896 83.0331
897 83.1295
898 83.2252
899 83.3202
900 83.4146
901 83.5082
902 83.6009
903 83.6929
904 83.784
905 83.874
906 83.9632
907 84.0513
908 84.1384
909 84.2244
910 84.3091
911 84.3927
912 84.4752
913 84.5563
914 84.6361
915 84.7145
916 84.7915
917 84.8672
918 84.9413
919 85.014
920 85.0853
921 85.1552
922 85.2236
923 85.2907
924 85.3565
925 85.4209
926 85.4841
927 85.546
928 85.6066
929 85.666
930 85.7241
931 85.7811
932 85.8368
933 85.8915
934 85.945
935 85.9974
936 86.0488
937 86.099
938 86.1482
939 86.1964
940 86.2436
941 86.2898
942 86.3351
943 86.3794
944 86.4229
945 86.4653
946 86.5071
947 86.5479
948 86.5878
949 86.627
950 86.6655
951 86.7031
952 86.74
953 86.7761
954 86.8116
955 86.8464
956 86.8806
957 86.9141
958 86.947
959 86.9792
960 87.011
961 87.0422
962 87.0728
963 87.103
964 87.1328
965 87.162
966 87.1908
967 87.2192
968 87.2471
969 87.2747
970 87.3019
971 87.3288
972 87.3555
973 87.3818
974 87.4078
975 87.4337
976 87.4593
977 87.4847
978 87.5099
979 87.5349
980 87.5599
981 87.5846
982 87.6092
983 87.6338
984 87.6581
985 87.6824
986 87.7066
987 87.7306
988 87.7545
989 87.7784
990 87.802
991 87.8256
992 87.849
993 87.8725
994 87.8957
995 87.9189
996 87.9419
997 87.9649
998 87.9877
999 88.0105
1000 88.0331
1001 88.0556
1002 88.0781
1003 88.1004
1004 88.123
1005 88.1452
1006 88.1672
1007 88.1892
1008 88.2112
1009 88.2331
1010 88.2548
1011 88.2766
1012 88.2983
1013 88.3198
1014 88.3414
1015 88.363
1016 88.3844
1017 88.4057
1018 88.4269
1019 88.4481
1020 88.4693
1021 88.4904
1022 88.5114
1023 88.5323
1024 88.5532
1025 88.5742
1026 88.5952
1027 88.616
1028 88.6367
1029 88.6575
1030 88.6781
1031 88.6987
1032 88.7193
1033 88.7399
1034 88.7604
1035 88.7809
1036 88.8015
1037 88.822
1038 88.8424
1039 88.8629
1040 88.8832
1041 88.9036
1042 88.924
1043 88.9442
1044 88.9646
1045 88.9849
1046 89.0051
1047 89.0255
1048 89.0459
1049 89.0662
1050 89.0865
1051 89.1068
1052 89.1271
1053 89.1474
1054 89.1677
1055 89.1879
1056 89.2083
1057 89.2286
1058 89.249
1059 89.2695
1060 89.2899
1061 89.3102
1062 89.3306
1063 89.3511
1064 89.3715
1065 89.392
1066 89.4125
1067 89.433
1068 89.4536
1069 89.4743
1070 89.495
1071 89.5157
1072 89.5364
1073 89.5572
1074 89.5779
1075 89.5988
1076 89.6196
1077 89.6405
1078 89.6613
1079 89.6822
1080 89.7034
1081 89.7244
1082 89.7453
1083 89.7663
1084 89.7873
1085 89.8083
1086 89.8292
1087 89.8502
1088 89.8712
1089 89.8922
1090 89.9131
1091 89.9343
1092 89.9553
1093 89.9762
1094 89.9971
1095 90.018
1096 90.039
1097 90.0598
1098 90.0807
1099 90.1015
1100 90.1222
1101 90.1429
1102 90.1639
1103 90.1845
1104 90.2052
1105 90.2257
1106 90.2463
1107 90.2668
1108 90.2873
1109 90.3076
1110 90.3279
1111 90.3483
1112 90.3685
1113 90.3888
1114 90.4089
1115 90.4289
1116 90.4488
1117 90.4687
1118 90.4885
1119 90.5082
1120 90.5279
1121 90.5475
1122 90.5669
1123 90.5864
1124 90.6059
1125 90.625
1126 90.6442
1127 90.6632
1128 90.6821
1129 90.7009
1130 90.7196
1131 90.7382
1132 90.7568
1133 90.7751
1134 90.7934
1135 90.8118
1136 90.8298
1137 90.8476
1138 90.8654
1139 90.883
1140 90.9006
1141 90.918
1142 90.9353
1143 90.9525
1144 90.9694
1145 90.9863
1146 91.0031
1147 91.0197
1148 91.0362
1149 91.0525
1150 91.0686
1151 91.0847
1152 91.1005
1153 91.1163
1154 91.1319
1155 91.1474
1156 91.1629
1157 91.1783
1158 91.1934
1159 91.2084
1160 91.2233
1161 91.2382
1162 91.2528
1163 91.2674
1164 91.2819
1165 91.2962
1166 91.3105
1167 91.3248
1168 91.339
1169 91.3529
1170 91.3667
1171 91.3806
1172 91.3943
1173 91.4078
1174 91.4214
1175 91.4348
1176 91.4481
1177 91.4614
1178 91.4746
1179 91.4878
1180 91.5009
1181 91.5139
1182 91.5267
1183 91.5396
1184 91.5524
1185 91.565
1186 91.5777
1187 91.5903
1188 91.6027
1189 91.6152
1190 91.6277
1191 91.6401
1192 91.6524
1193 91.6646
1194 91.6768
1195 91.689
1196 91.7011
1197 91.7132
1198 91.7253
1199 91.7372
1200 91.7492
1201 91.7612
1202 91.7732
1203 91.785
1204 91.7969
1205 91.8087
1206 91.8205
1207 91.8322
1208 91.844
1209 91.8557
1210 91.8675
1211 91.8792
1212 91.8911
1213 91.9027
1214 91.9145
1215 91.9261
1216 91.9378
1217 91.9495
1218 91.9612
1219 91.9728
1220 91.9845
1221 91.9963
1222 92.008
1223 92.0198
1224 92.0315
1225 92.0431
1226 92.0549
1227 92.0666
1228 92.0784
1229 92.0901
1230 92.1017
1231 92.1135
1232 92.1252
1233 92.1369
1234 92.1487
1235 92.1604
1236 92.1721
1237 92.1838
1238 92.1954
1239 92.2071
1240 92.2187
1241 92.2304
1242 92.2421
1243 92.2536
1244 92.2653
1245 92.277
1246 92.2885
1247 92.3001
1248 92.3117
1249 92.3232
1250 92.3348
1251 92.3463
1252 92.3577
1253 92.3692
1254 92.3806
1255 92.3921
1256 92.4036
1257 92.415
1258 92.4263
1259 92.4376
1260 92.4489
1261 92.4602
1262 92.4715
1263 92.4827
1264 92.4938
1265 92.505
1266 92.5162
1267 92.5274
1268 92.5385
1269 92.5495
1270 92.5605
1271 92.5715
1272 92.5824
1273 92.5933
1274 92.6042
1275 92.615
1276 92.6258
1277 92.6366
1278 92.6474
1279 92.6581
1280 92.6686
1281 92.6792
1282 92.6898
1283 92.7003
1284 92.7107
1285 92.7212
1286 92.7316
1287 92.7418
1288 92.7522
1289 92.7625
1290 92.7727
1291 92.7828
1292 92.7929
1293 92.8029
1294 92.8129
1295 92.8228
1296 92.8327
1297 92.8425
1298 92.8523
1299 92.862
1300 92.8717
1301 92.8813
1302 92.8908
1303 92.9003
1304 92.9097
1305 92.9191
1306 92.9284
1307 92.9376
1308 92.9468
1309 92.9559
1310 92.965
1311 92.974
1312 92.9829
1313 92.9918
1314 93.0005
1315 93.0092
1316 93.0179
1317 93.0265
1318 93.035
1319 93.0434
1320 93.0519
1321 93.0603
1322 93.0685
1323 93.0768
1324 93.0849
1325 93.0929
1326 93.101
1327 93.109
1328 93.1169
1329 93.1248
1330 93.1326
1331 93.1403
1332 93.1481
1333 93.1558
1334 93.1633
1335 93.1708
1336 93.1782
1337 93.1857
1338 93.193
1339 93.2004
1340 93.2076
1341 93.2148
1342 93.222
1343 93.2291
1344 93.2362
1345 93.2432
1346 93.2501
1347 93.2571
1348 93.2639
1349 93.2707
1350 93.2775
1351 93.2842
1352 93.2908
1353 93.2974
1354 93.304
1355 93.3106
1356 93.3171
1357 93.3235
1358 93.3299
1359 93.3362
1360 93.3426
1361 93.3488
1362 93.3551
1363 93.3612
1364 93.3674
1365 93.3735
1366 93.3796
1367 93.3856
1368 93.3916
1369 93.3975
1370 93.4034
1371 93.4093
1372 93.4152
1373 93.421
1374 93.4266
1375 93.4324
1376 93.4382
1377 93.4438
1378 93.4494
1379 93.455
1380 93.4606
1381 93.4661
1382 93.4716
1383 93.477
1384 93.4824
1385 93.4878
1386 93.4932
1387 93.4985
1388 93.5039
1389 93.5091
1390 93.5144
1391 93.5197
1392 93.5248
1393 93.53
1394 93.5352
1395 93.5402
1396 93.5453
1397 93.5504
1398 93.5555
1399 93.5605
1400 93.5655
1401 93.5705
1402 93.5754
1403 93.5804
1404 93.5852
1405 93.5901
1406 93.5949
1407 93.5998
1408 93.6047
1409 93.6095
1410 93.6143
1411 93.619
1412 93.6238
1413 93.6285
1414 93.6332
1415 93.638
1416 93.6426
1417 93.6473
1418 93.6519
1419 93.6566
1420 93.6612
1421 93.6659
1422 93.6705
1423 93.6751
1424 93.6796
1425 93.6841
1426 93.6887
1427 93.6933
1428 93.6978
1429 93.7024
1430 93.7069
1431 93.7114
1432 93.7159
1433 93.7204
1434 93.7249
1435 93.7294
1436 93.7338
1437 93.7383
1438 93.7427
1439 93.7472
1440 93.7517
1441 93.7562
1442 93.7606
1443 93.765
1444 93.7695
1445 93.7739
1446 93.7783
1447 93.7827
1448 93.7871
1449 93.7915
1450 93.7959
1451 93.8003
1452 93.8047
1453 93.8091
1454 93.8135
1455 93.8179
1456 93.8223
1457 93.8266
1458 93.8309
1459 93.8353
1460 93.8396
1461 93.8439
1462 93.8482
1463 93.8526
1464 93.8569
1465 93.8612
1466 93.8655
1467 93.8698
1468 93.8742
1469 93.8785
1470 93.8827
1471 93.887
1472 93.8912
1473 93.8954
1474 93.8998
1475 93.9041
1476 93.9083
1477 93.9125
1478 93.9167
1479 93.9209
1480 93.9251
1481 93.9293
1482 93.9335
1483 93.9377
1484 93.9418
1485 93.946
1486 93.9502
1487 93.9544
1488 93.9585
1489 93.9626
1490 93.9668
1491 93.9709
1492 93.975
1493 93.979
1494 93.9832
1495 93.9873
1496 93.9914
1497 93.9954
1498 93.9995
1499 94.0036
1500 94.0076
1501 94.0117
1502 94.0157
1503 94.0196
1504 94.0237
1505 94.0277
1506 94.0317
1507 94.0357
1508 94.0397
1509 94.0436
1510 94.0476
1511 94.0515
1512 94.0555
1513 94.0594
1514 94.0634
1515 94.0673
1516 94.0711
1517 94.0751
1518 94.079
1519 94.0828
1520 94.0867
1521 94.0905
1522 94.0944
1523 94.0983
1524 94.1021
1525 94.1059
1526 94.1097
1527 94.1134
1528 94.1172
1529 94.1211
1530 94.1249
1531 94.1285
1532 94.1323
1533 94.1361
1534 94.1397
1535 94.1435
1536 94.1472
1537 94.1508
1538 94.1545
1539 94.1582
1540 94.1619
1541 94.1656
1542 94.1692
1543 94.1728
1544 94.1764
1545 94.18
1546 94.1837
1547 94.1872
1548 94.1908
1549 94.1943
1550 94.1979
1551 94.2014
1552 94.2049
1553 94.2085
1554 94.212
1555 94.2155
1556 94.219
1557 94.2224
1558 94.2259
1559 94.2293
1560 94.2327
1561 94.2362
1562 94.2396
1563 94.243
1564 94.2464
1565 94.2497
1566 94.2531
1567 94.2564
1568 94.2598
1569 94.2631
1570 94.2664
1571 94.2697
1572 94.2729
1573 94.2762
1574 94.2795
1575 94.2827
1576 94.286
1577 94.2892
1578 94.2924
1579 94.2955
1580 94.2988
1581 94.3019
1582 94.3051
1583 94.3082
1584 94.3114
1585 94.3144
1586 94.3175
1587 94.3206
1588 94.3236
1589 94.3268
1590 94.3298
1591 94.3327
1592 94.3357
1593 94.3388
1594 94.3417
1595 94.3447
1596 94.3476
1597 94.3506
1598 94.3534
1599 94.3563
1600 94.3592
1601 94.3621
1602 94.3649
1603 94.3678
1604 94.3705
1605 94.3733
1606 94.3761
1607 94.3789
1608 94.3817
1609 94.3843
1610 94.387
1611 94.3898
1612 94.3924
1613 94.3951
1614 94.3977
1615 94.4003
1616 94.403
1617 94.4056
1618 94.4081
1619 94.4106
1620 94.4132
1621 94.4157
1622 94.4182
1623 94.4206
1624 94.4231
1625 94.4256
1626 94.428
1627 94.4303
1628 94.4328
1629 94.4351
1630 94.4374
1631 94.4397
1632 94.442
1633 94.4443
1634 94.4466
1635 94.4488
1636 94.4511
1637 94.4532
1638 94.4554
1639 94.4576
1640 94.4597
1641 94.4618
1642 94.4639
1643 94.466
1644 94.468
1645 94.4701
1646 94.4721
1647 94.474
1648 94.476
1649 94.4779
1650 94.4799
1651 94.4818
1652 94.4836
1653 94.4855
1654 94.4873
1655 94.4891
1656 94.4909
1657 94.4926
1658 94.4944
1659 94.4961
1660 94.4979
1661 94.4995
1662 94.5012
1663 94.5028
1664 94.5044
1665 94.5059
1666 94.5075
1667 94.509
1668 94.5105
1669 94.512
1670 94.5135
1671 94.5149
1672 94.5163
1673 94.5177
1674 94.519
1675 94.5204
1676 94.5217
1677 94.523
1678 94.5243
1679 94.5255
1680 94.5266
1681 94.5278
1682 94.529
1683 94.5301
1684 94.5312
1685 94.5323
1686 94.5334
1687 94.5344
1688 94.5354
1689 94.5363
1690 94.5373
1691 94.5381
1692 94.539
1693 94.5399
1694 94.5407
1695 94.5416
1696 94.5423
1697 94.5431
1698 94.5438
1699 94.5445
1700 94.5452
1701 94.5458
1702 94.5465
1703 94.547
1704 94.5476
1705 94.5481
1706 94.5486
1707 94.5491
1708 94.5495
1709 94.5498
1710 94.5502
1711 94.5506
1712 94.5509
1713 94.5511
1714 94.5514
1715 94.5516
1716 94.5518
1717 94.5519
1718 94.552
1719 94.5521
1720 94.5521
1721 94.5521
1722 94.552
1723 94.5519
1724 94.5518
1725 94.5516
1726 94.5514
1727 94.5511
1728 94.5509
1729 94.5505
1730 94.5502
1731 94.5497
1732 94.5493
1733 94.5488
1734 94.5482
1735 94.5475
1736 94.5469
1737 94.5463
1738 94.5455
1739 94.5448
1740 94.544
1741 94.5431
1742 94.5421
1743 94.5412
1744 94.5402
1745 94.5391
1746 94.538
1747 94.5368
1748 94.5356
1749 94.5343
1750 94.533
1751 94.5316
1752 94.5301
1753 94.5287
1754 94.5271
1755 94.5256
1756 94.5239
1757 94.5222
1758 94.5204
1759 94.5187
1760 94.5168
1761 94.5149
1762 94.5128
1763 94.5108
1764 94.5087
1765 94.5065
1766 94.5043
1767 94.5021
1768 94.4997
1769 94.4973
1770 94.4948
1771 94.4923
1772 94.4897
1773 94.487
1774 94.4844
1775 94.4816
1776 94.4787
1777 94.4758
1778 94.4729
1779 94.4697
1780 94.4666
1781 94.4635
1782 94.4602
1783 94.4569
1784 94.4535
1785 94.45
1786 94.4466
1787 94.443
1788 94.4393
1789 94.4356
1790 94.4317
1791 94.4279
1792 94.4239
1793 94.4198
1794 94.4158
1795 94.4116
1796 94.4073
1797 94.403
1798 94.3986
1799 94.3941
1800 94.3896
1801 94.3849
1802 94.3803
1803 94.3754
1804 94.3705
1805 94.3657
1806 94.3606
1807 94.3554
1808 94.3503
1809 94.345
1810 94.3397
1811 94.3343
1812 94.3288
1813 94.3232
1814 94.3175
1815 94.3118
1816 94.306
1817 94.3002
1818 94.2943
1819 94.2885
1820 94.2826
1821 94.2767
1822 94.2707
1823 94.2648
1824 94.2589
1825 94.2529
1826 94.247
1827 94.2411
1828 94.2352
1829 94.2294
1830 94.2236
1831 94.2179
1832 94.2122
1833 94.2066
1834 94.2011
1835 94.1956
1836 94.1901
1837 94.1849
1838 94.1796
1839 94.1745
1840 94.1696
1841 94.1647
1842 94.16
1843 94.1554
1844 94.1509
1845 94.1466
1846 94.1424
1847 94.1383
1848 94.1345
1849 94.1307
1850 94.1272
1851 94.124
1852 94.1208
1853 94.1178
1854 94.1152
1855 94.1127
1856 94.1104
1857 94.1082
1858 94.1064
1859 94.1048
1860 94.1035
1861 94.1024
1862 94.1015
1863 94.1009
1864 94.1006
1865 94.1006
1866 94.1009
1867 94.1014
1868 94.1023
1869 94.1035
1870 94.1049
1871 94.1068
1872 94.1089
1873 94.1113
1874 94.1141
1875 94.1172
1876 94.1207
1877 94.1245
1878 94.1286
1879 94.1331
1880 94.1378
1881 94.1429
1882 94.1482
1883 94.1538
1884 94.1597
1885 94.1657
1886 94.1721
1887 94.1787
1888 94.1855
1889 94.1925
1890 94.1998
1891 94.2073
1892 94.215
1893 94.2228
1894 94.2308
1895 94.239
1896 94.2474
1897 94.2558
1898 94.2644
1899 94.2732
1900 94.2821
1901 94.2911
1902 94.3003
1903 94.3096
1904 94.3189
1905 94.3283
1906 94.3377
1907 94.3472
1908 94.3568
1909 94.3664
1910 94.376
1911 94.3858
1912 94.3954
1913 94.4052
1914 94.4149
1915 94.4246
1916 94.4343
1917 94.444
1918 94.4536
1919 94.4631
1920 94.4726
1921 94.4821
1922 94.4914
1923 94.5008
1924 94.5101
1925 94.5192
1926 94.5282
1927 94.5371
1928 94.5459
1929 94.5546
1930 94.5631
1931 94.5714
1932 94.5796
1933 94.5877
1934 94.5955
1935 94.6033
1936 94.6108
1937 94.6181
1938 94.6251
1939 94.632
1940 94.6386
1941 94.645
1942 94.6513
1943 94.6574
1944 94.6632
1945 94.6689
1946 94.6743
1947 94.6797
1948 94.6848
1949 94.6897
1950 94.6944
1951 94.6989
1952 94.7033
1953 94.7074
1954 94.7114
1955 94.7153
1956 94.7189
1957 94.7224
1958 94.7258
1959 94.729
1960 94.732
1961 94.7349
1962 94.7375
1963 94.74
1964 94.7425
1965 94.7447
1966 94.7468
1967 94.7488
1968 94.7506
1969 94.7522
1970 94.7537
1971 94.7551
1972 94.7563
1973 94.7574
1974 94.7585
1975 94.7594
1976 94.7601
1977 94.7607
1978 94.7612
1979 94.7615
1980 94.7618
1981 94.7619
1982 94.762
1983 94.7619
1984 94.7617
1985 94.7615
1986 94.7611
1987 94.7605
1988 94.7599
1989 94.7592
1990 94.7585
1991 94.7576
1992 94.7567
1993 94.7556
1994 94.7545
1995 94.7532
1996 94.7519
1997 94.7506
1998 94.7491
1999 94.7476
2000 94.746
2001 94.7444
2002 94.7426
2003 94.7409
2004 94.739
2005 94.7371
2006 94.7351
2007 94.7331
2008 94.731
2009 94.7289
2010 94.7267
2011 94.7244
2012 94.7221
2013 94.7198
2014 94.7175
2015 94.7151
2016 94.7127
2017 94.7102
2018 94.7077
2019 94.7051
2020 94.7027
2021 94.7001
2022 94.6974
2023 94.6948
2024 94.6922
2025 94.6896
2026 94.6869
2027 94.6842
2028 94.6816
2029 94.6789
2030 94.6762
2031 94.6735
2032 94.6708
2033 94.6682
2034 94.6654
2035 94.6627
2036 94.6601
2037 94.6575
2038 94.6549
2039 94.6522
2040 94.6495
2041 94.647
2042 94.6444
2043 94.6419
2044 94.6394
2045 94.6369
2046 94.6344
2047 94.6319
2048 94.6295
2049 94.6271
2050 94.6246
2051 94.6222
2052 94.6199
2053 94.6176
2054 94.6152
2055 94.6129
2056 94.6106
2057 94.6083
2058 94.6061
2059 94.6038
2060 94.6016
2061 94.5994
2062 94.5972
2063 94.595
2064 94.5928
2065 94.5906
2066 94.5885
2067 94.5864
2068 94.5843
2069 94.5821
2070 94.58
2071 94.5779
2072 94.5759
2073 94.5738
2074 94.5717
2075 94.5697
2076 94.5677
2077 94.5657
2078 94.5637
2079 94.5616
2080 94.5597
2081 94.5577
2082 94.5558
2083 94.5538
2084 94.5518
2085 94.5499
2086 94.548
2087 94.546
2088 94.5441
2089 94.5422
2090 94.5402
2091 94.5383
2092 94.5365
2093 94.5346
2094 94.5326
2095 94.5308
2096 94.5289
2097 94.527
2098 94.5252
2099 94.5233
2100 94.5214
2101 94.5196
2102 94.5177
2103 94.5158
2104 94.514
2105 94.5121
2106 94.5103
2107 94.5084
2108 94.5065
2109 94.5047
2110 94.5028
2111 94.501
2112 94.4991
2113 94.4972
2114 94.4954
2115 94.4936
2116 94.4917
2117 94.4898
2118 94.4879
2119 94.4861
2120 94.4842
2121 94.4823
2122 94.4804
2123 94.4786
2124 94.4767
2125 94.4747
2126 94.4728
2127 94.471
2128 94.4691
2129 94.4671
2130 94.4652
2131 94.4633
2132 94.4613
2133 94.4594
2134 94.4574
2135 94.4555
2136 94.4535
2137 94.4515
2138 94.4496
2139 94.4475
2140 94.4455
2141 94.4435
2142 94.4415
2143 94.4394
2144 94.4374
2145 94.4353
2146 94.4332
2147 94.4312
2148 94.4291
2149 94.427
2150 94.4248
2151 94.4227
2152 94.4204
2153 94.4182
2154 94.416
2155 94.4138
2156 94.4115
2157 94.4092
2158 94.407
2159 94.4046
2160 94.4022
2161 94.3998
2162 94.3973
2163 94.3948
2164 94.3923
2165 94.3897
2166 94.3872
2167 94.3845
2168 94.3819
2169 94.3791
2170 94.3764
2171 94.3736
2172 94.3707
2173 94.3678
2174 94.3649
2175 94.3618
2176 94.3588
2177 94.3557
2178 94.3525
2179 94.3493
2180 94.3461
2181 94.3427
2182 94.3393
2183 94.3359
2184 94.3324
2185 94.3289
2186 94.3252
2187 94.3215
2188 94.3177
2189 94.3139
2190 94.31
2191 94.3061
2192 94.3019
2193 94.2978
2194 94.2937
2195 94.2894
2196 94.2851
2197 94.2806
2198 94.2761
2199 94.2715
2200 94.2668
2201 94.2621
2202 94.2573
2203 94.2524
2204 94.2474
2205 94.2422
2206 94.2371
2207 94.2318
2208 94.2264
2209 94.2209
2210 94.2154
2211 94.2097
2212 94.2039
2213 94.1981
2214 94.1922
2215 94.1861
2216 94.18
2217 94.1737
2218 94.1674
2219 94.1609
2220 94.1543
2221 94.1476
2222 94.1408
2223 94.1339
2224 94.1269
2225 94.1198
2226 94.1125
2227 94.1052
2228 94.0976
2229 94.09
2230 94.0823
2231 94.0744
2232 94.0665
2233 94.0584
2234 94.0502
2235 94.0418
2236 94.0334
2237 94.0248
2238 94.0161
2239 94.0071
2240 93.9982
2241 93.9889
2242 93.9796
2243 93.9702
2244 93.9607
2245 93.9511
2246 93.9413
2247 93.9314
2248 93.9215
2249 93.9115
2250 93.9013
2251 93.8911
2252 93.8807
2253 93.8703
2254 93.8599
2255 93.8494
2256 93.8389
2257 93.8284
2258 93.8178
2259 93.8072
2260 93.7966
2261 93.786
2262 93.7754
2263 93.7648
2264 93.7541
2265 93.7435
2266 93.733
2267 93.7225
2268 93.7121
2269 93.7017
2270 93.6913
2271 93.681
2272 93.6708
2273 93.6607
2274 93.6506
2275 93.6405
2276 93.6307
2277 93.621
2278 93.6113
2279 93.6018
2280 93.5924
2281 93.5831
2282 93.5741
2283 93.5651
2284 93.5563
2285 93.5476
2286 93.5391
2287 93.5308
2288 93.5227
2289 93.5148
2290 93.5071
2291 93.4996
2292 93.4923
2293 93.4852
2294 93.4784
2295 93.4718
2296 93.4654
2297 93.4592
2298 93.4533
2299 93.4478
2300 93.4425
2301 93.4373
2302 93.4326
2303 93.4282
2304 93.424
2305 93.4201
2306 93.4166
2307 93.4133
2308 93.4104
2309 93.4078
2310 93.4056
2311 93.4037
2312 93.4022
2313 93.401
2314 93.4003
2315 93.3998
2316 93.3998
2317 93.4002
2318 93.4009
2319 93.4021
2320 93.4037
2321 93.4057
2322 93.4081
2323 93.411
2324 93.4143
2325 93.418
2326 93.4222
2327 93.4269
2328 93.432
2329 93.4377
2330 93.4438
2331 93.4504
2332 93.4574
2333 93.465
2334 93.4732
2335 93.4818
2336 93.4909
2337 93.5006
2338 93.5109
2339 93.5216
2340 93.533
2341 93.5449
2342 93.5572
2343 93.5699
2344 93.583
2345 93.5963
2346 93.6098
2347 93.6234
2348 93.6371
2349 93.6509
2350 93.6646
2351 93.6782
2352 93.6915
2353 93.7046
2354 93.7173
2355 93.7297
2356 93.7416
2357 93.753
2358 93.7638
2359 93.774
2360 93.7834
2361 93.7921
2362 93.7999
2363 93.8069
2364 93.8127
2365 93.8176
2366 93.8213
2367 93.8239
2368 93.8252
2369 93.8253
2370 93.824
2371 93.8212
2372 93.8169
2373 93.811
2374 93.8035
2375 93.7943
2376 93.7833
2377 93.7706
2378 93.7559
2379 93.7392
2380 93.7206
2381 93.6999
2382 93.6769
2383 93.6517
2384 93.6241
2385 93.5943
2386 93.5621
2387 93.5274
2388 93.4901
2389 93.4503
2390 93.4077
2391 93.3625
2392 93.3143
2393 93.2634
2394 93.2093
2395 93.1519
2396 93.0919
2397 93.0288
2398 92.9624
2399 92.8928
2400 92.8198
2401 92.7434
2402 92.6635
2403 92.5802
2404 92.4934
2405 92.4027
2406 92.3092
2407 92.2139
2408 92.1164
2409 92.0172
2410 91.9168
2411 91.8156
2412 91.7138
2413 91.612
2414 91.5103
2415 91.4096
2416 91.3091
2417 91.2101
2418 91.1138
2419 91.0195
2420 90.9278
2421 90.8392
2422 90.754
2423 90.6726
2424 90.5953
2425 90.5227
2426 90.4551
2427 90.3923
2428 90.3356
2429 90.2853
2430 90.2414
2431 90.2045
2432 90.1749
2433 90.1529
2434 90.1383
2435 90.1301
2436 90.1272
2437 90.1288
2438 90.1337
2439 90.141
2440 90.1495
2441 90.1585
2442 90.1666
2443 90.1732
2444 90.177
2445 90.1771
2446 90.1725
2447 90.1622
2448 90.145
2449 90.1203
2450 90.0863
2451 90.0428
2452 89.9886
2453 89.9227
2454 89.8438
2455 89.7512
2456 89.6438
2457 89.5205
2458 89.3805
2459 89.2226
2460 89.0458
2461 88.8473
2462 88.6295
2463 88.39
2464 88.1274
2465 87.8411
2466 87.5299
2467 87.1928
2468 86.8287
2469 86.4366
2470 86.0195
2471 85.5854
2472 85.1413
2473 84.7047
2474 84.2819
2475 83.8729
2476 83.4586
2477 83.0154
2478 82.5206
2479 81.9513
2480 81.2841
2481 80.4967
2482 79.5649
2483 78.4919
2484 77.3444
2485 76.1611
2486 74.9923
2487 73.8872
2488 72.8955
2489 72.0657
2490 71.45
2491 71.0716
2492 70.9074
2493 70.9188
2494 71.07
2495 71.3214
2496 71.6369
2497 71.9793
2498 72.3117
2499 72.5969
2500 72.7978
2501 72.8776
2502 72.7988
2503 72.5259
2504 72.0162
2505 71.2335
2506 70.149
2507 68.7197
2508 66.9098
2509 64.6821
2510 61.9985
2511 58.8731
2512 55.4533
2513 51.9155
2514 48.4407
2515 45.1784
2516 42.3255
2517 39.9843
2518 38.0844
2519 36.5827
2520 35.4283
2521 34.572
2522 33.9645
2523 33.5561
2524 33.2978
2525 33.14
2526 33.0324
2527 32.9265
2528 32.7728
2529 32.5216
2530 32.1226
2531 31.5291
2532 30.7253
2533 29.7451
2534 28.6242
2535 27.3981
2536 26.1049
2537 24.7662
2538 23.4364
2539 22.1524
2540 20.9399
2541 19.8154
2542 18.773
2543 17.8076
2544 16.914
2545 16.0866
2546 15.3201
2547 14.6099
2548 13.9439
2549 13.3291
2550 12.7608
2551 12.2334
2552 11.7457
2553 11.295
2554 10.8787
2555 10.4947
2556 10.1401
2557 9.81299
2558 9.51064
2559 9.22814
2560 8.96795
2561 8.72579
2562 8.49849
2563 8.28393
2564 8.07957
2565 7.88301
2566 7.69184
2567 7.50358
2568 7.31659
2569 7.12971
2570 6.94083
2571 6.75257
2572 6.5626
2573 6.37004
2574 6.17426
2575 5.97451
2576 5.77009
2577 5.5603
2578 5.34434
2579 5.12176
2580 4.89187
2581 4.65603
2582 4.42118
2583 4.1879
2584 3.95926
2585 3.73825
2586 3.52777
2587 3.33079
2588 3.15027
2589 2.98913
2590 2.8504
2591 2.73678
2592 2.64996
2593 2.58848
2594 2.54595
2595 2.51749
2596 2.498
2597 2.48232
2598 2.46653
2599 2.44976
2600 2.43215
2601 2.41373
2602 2.39441
2603 2.37428
2604 2.35362
2605 2.33225
2606 2.31027
2607 2.2877
2608 2.26458
2609 2.24096
2610 2.21688
2611 2.19235
2612 2.16748
2613 2.1421
2614 2.11638
2615 2.09059
2616 2.06454
2617 2.0383
2618 2.01192
2619 1.98544
2620 1.95889
2621 1.93231
2622 1.90576
2623 1.87924
2624 1.85287
2625 1.82643
2626 1.80016
2627 1.77432
2628 1.74868
2629 1.72334
2630 1.69833
2631 1.67371
2632 1.6495
2633 1.62575
2634 1.60248
2635 1.57978
2636 1.55747
2637 1.53583
2638 1.51498
2639 1.49476
2640 1.47521
2641 1.4563
2642 1.43802
2643 1.42036
2644 1.40331
2645 1.38685
2646 1.371
2647 1.35558
2648 1.34079
2649 1.32662
2650 1.31297
2651 1.29984
2652 1.28723
2653 1.27512
2654 1.26349
2655 1.25233
2656 1.24165
2657 1.23142
2658 1.22154
2659 1.21215
2660 1.20322
2661 1.19467
2662 1.18652
2663 1.17875
2664 1.17135
2665 1.1643
2666 1.1576
2667 1.15123
2668 1.14518
2669 1.13938
2670 1.13393
2671 1.12878
2672 1.12388
2673 1.11925
2674 1.11488
2675 1.11073
2676 1.10681
2677 1.10311
2678 1.0996
2679 1.09627
2680 1.0931
2681 1.09012
2682 1.08729
2683 1.08461
2684 1.08205
2685 1.07961
2686 1.07727
2687 1.07503
2688 1.07287
2689 1.07077
2690 1.06872
2691 1.06671
2692 1.06474
2693 1.06281
2694 1.06086
2695 1.05893
2696 1.05697
2697 1.055
2698 1.05301
2699 1.05101
2700 1.04899
2701 1.04696
2702 1.0449
2703 1.04283
2704 1.04077
2705 1.03867
2706 1.03657
2707 1.03447
2708 1.03234
2709 1.03021
2710 1.02806
2711 1.02592
2712 1.02374
2713 1.02155
2714 1.01938
2715 1.01718
2716 1.01498
2717 1.01278
2718 1.01056
2719 1.00834
2720 1.00611
2721 1.00388
2722 1.00164
2723 0.999383
2724 0.997123
2725 0.994873
2726 0.992616
2727 0.990357
2728 0.988095
2729 0.98583
2730 0.983563
2731 0.981295
2732 0.979025
2733 0.976758
2734 0.974471
2735 0.97219
2736 0.969924
2737 0.967654
2738 0.965388
2739 0.963123
2740 0.96086
2741 0.9586
2742 0.956344
2743 0.954091
2744 0.951845
2745 0.949583
2746 0.947336
2747 0.945105
2748 0.942876
2749 0.940656
2750 0.938441
2751 0.936234
2752 0.934034
2753 0.931842
2754 0.92966
2755 0.927487
2756 0.925302
2757 0.923142
2758 0.920999
2759 0.918865
2760 0.916743
2761 0.914632
2762 0.912532
2763 0.910445
2764 0.908371
2765 0.906311
2766 0.904264
2767 0.902213
2768 0.900192
2769 0.89819
2770 0.896203
2771 0.894231
2772 0.892277
2773 0.890338
2774 0.888417
2775 0.886514
2776 0.884629
2777 0.882761
2778 0.880896
2779 0.879067
2780 0.877259
2781 0.875472
2782 0.873705
2783 0.871959
2784 0.870234
2785 0.868532
2786 0.866852
2787 0.865196
2788 0.86356
2789 0.861935
2790 0.86035
2791 0.85879
2792 0.857254
2793 0.855744
2794 0.85426
2795 0.852803
2796 0.851372
2797 0.849968
2798 0.848593
2799 0.847242
2800 0.845912
2801 0.844623
2802 0.843362
2803 0.842129
2804 0.840926
2805 0.839751
2806 0.838607
2807 0.837492
2808 0.836407
2809 0.835352
2810 0.834328
2811 0.83333
2812 0.832358
2813 0.831425
2814 0.830523
2815 0.82965
2816 0.82881
2817 0.828
2818 0.827222
2819 0.826476
2820 0.825761
2821 0.825079
2822 0.824425
2823 0.823802
2824 0.823217
2825 0.822664
2826 0.822143
2827 0.821654
2828 0.8212
2829 0.820778
2830 0.82039
2831 0.820035
2832 0.819714
2833 0.819426
2834 0.819171
2835 0.818952
2836 0.818768
2837 0.818618
2838 0.818503
2839 0.818422
2840 0.818376
2841 0.818366
2842 0.818391
2843 0.818451
2844 0.818548
2845 0.81868
2846 0.818849
2847 0.819053
2848 0.819292
2849 0.819569
2850 0.819883
2851 0.820233
2852 0.82062
2853 0.821045
2854 0.821505
2855 0.822008
2856 0.822547
2857 0.823121
2858 0.823733
2859 0.824383
2860 0.825072
2861 0.825798
2862 0.826564
2863 0.827368
2864 0.828211
2865 0.829093
2866 0.830022
2867 0.830986
2868 0.831985
2869 0.833025
2870 0.834105
2871 0.835225
2872 0.836385
2873 0.837586
2874 0.838827
2875 0.840108
2876 0.84143
2877 0.842807
2878 0.844213
2879 0.845658
2880 0.847146
2881 0.848675
2882 0.850246
2883 0.851859
2884 0.853514
2885 0.855212
2886 0.85695
2887 0.858734
2888 0.860576
2889 0.862445
2890 0.864356
2891 0.866311
2892 0.868308
2893 0.87035
2894 0.872436
2895 0.874564
2896 0.876738
2897 0.878954
2898 0.881218
2899 0.883539
2900 0.885876
2901 0.88825
2902 0.890657
2903 0.893095
2904 0.895561
2905 0.898054
2906 0.90057
2907 0.903108
2908 0.905662
2909 0.908244
2910 0.910854
2911 0.913451
2912 0.916062
2913 0.918678
2914 0.921301
2915 0.923925
2916 0.92655
2917 0.929172
2918 0.931791
2919 0.9344
2920 0.937014
2921 0.939624
2922 0.942197
2923 0.944759
2924 0.947301
2925 0.949822
2926 0.95232
2927 0.954792
2928 0.957237
2929 0.959652
2930 0.96203
2931 0.96439
2932 0.966714
2933 0.96898
2934 0.971208
2935 0.97339
2936 0.975526
2937 0.977613
2938 0.979648
2939 0.98163
2940 0.983556
2941 0.98542
2942 0.987239
2943 0.98899
2944 0.990664
2945 0.992273
2946 0.993811
2947 0.995277
2948 0.996668
2949 0.997982
2950 0.999216
2951 1.00036
2952 1.00143
2953 1.00242
2954 1.00332
2955 1.00411
2956 1.00482
2957 1.00543
2958 1.00594
2959 1.00635
2960 1.00666
2961 1.00685
2962 1.00695
2963 1.00693
2964 1.00681
2965 1.00656
2966 1.0062
2967 1.00571
2968 1.00512
2969 1.00438
2970 1.00352
2971 1.00254
2972 1.00143
2973 1.00017
2974 0.998792
2975 0.997253
2976 0.995584
2977 0.993776
2978 0.99182
2979 0.989718
2980 0.987466
2981 0.98506
2982 0.982499
2983 0.979782
2984 0.976904
2985 0.973865
2986 0.970662
2987 0.96726
2988 0.963715
2989 0.960005
2990 0.956118
2991 0.952056
2992 0.947816
2993 0.943395
2994 0.938791
2995 0.934001
2996 0.929026
2997 0.923853
2998 0.918441
2999 0.912883
3000 0.907131
3001 0.901188
3002 0.895084
3003 0.888851
3004 0.882518
3005 0.876116
3006 0.869672
3007 0.863226
3008 0.856783
3009 0.850347
3010 0.844055
3011 0.837871
3012 0.831829
3013 0.82596
3014 0.820295
3015 0.814863
3016 0.809695
3017 0.804819
3018 0.800272
3019 0.796063
3020 0.792222
3021 0.788834
3022 0.785887
3023 0.783416
3024 0.78145
3025 0.780021
3026 0.779159
3027 0.778893
3028 0.779255
3029 0.78027
3030 0.781988
3031 0.784433
3032 0.78761
3033 0.79157
3034 0.796337
3035 0.801944
3036 0.80842
3037 0.815796
3038 0.8241
3039 0.833371
3040 0.843611
3041 0.854961
3042 0.867371
3043 0.880775
3044 0.895312
3045 0.910986
3046 0.927832
3047 0.945833
3048 0.964889
3049 0.984894
3050 1.00575
3051 1.02731
3052 1.04969
3053 1.07255
3054 1.0957
3055 1.1192
3056 1.14289
3057 1.16668
3058 1.19047
3059 1.21415
3060 1.23762
3061 1.26077
3062 1.28346
3063 1.30582
3064 1.32744
3065 1.34821
3066 1.36816
3067 1.38714
3068 1.40505
3069 1.42181
3070 1.43735
3071 1.4517
3072 1.46488
3073 1.47691
3074 1.48791
3075 1.49775
3076 1.50648
3077 1.51417
3078 1.52084
3079 1.52651
3080 1.5312
3081 1.53494
3082 1.53776
3083 1.53967
3084 1.5407
3085 1.54088
3086 1.54022
3087 1.53874
3088 1.53649
3089 1.53348
3090 1.52974
3091 1.52528
3092 1.52013
3093 1.51433
3094 1.50788
3095 1.50082
3096 1.49309
3097 1.48487
3098 1.47609
3099 1.46681
3100 1.45703
3101 1.44678
3102 1.43608
3103 1.42495
3104 1.41343
3105 1.40155
3106 1.38928
3107 1.37657
3108 1.3637
3109 1.35052
3110 1.33708
3111 1.3234
3112 1.30951
3113 1.29542
3114 1.28116
3115 1.26676
3116 1.25224
3117 1.23755
3118 1.22271
3119 1.20796
3120 1.19315
3121 1.17832
3122 1.16351
3123 1.14873
3124 1.13401
3125 1.11938
3126 1.10483
3127 1.09043
3128 1.0761
3129 1.06189
3130 1.048
3131 1.03431
3132 1.02086
3133 1.00767
3134 0.994761
3135 0.98216
3136 0.969889
3137 0.957964
3138 0.946432
3139 0.935207
3140 0.92436
3141 0.913972
3142 0.90393
3143 0.894254
3144 0.88493
3145 0.875953
3146 0.867316
3147 0.859014
3148 0.851036
3149 0.84339
3150 0.835997
3151 0.828929
3152 0.822208
3153 0.815767
3154 0.809618
3155 0.803748
3156 0.798154
3157 0.792825
3158 0.787758
3159 0.782945
3160 0.778384
3161 0.774026
3162 0.769923
3163 0.766067
3164 0.762426
3165 0.759003
3166 0.755785
3167 0.75277
3168 0.74995
3169 0.747317
3170 0.744865
3171 0.742588
3172 0.740481
3173 0.738519
3174 0.736721
3175 0.73508
3176 0.733579
3177 0.732213
3178 0.730976
3179 0.72986
3180 0.728859
3181 0.727967
3182 0.727177
3183 0.726482
3184 0.725871
3185 0.725346
3186 0.724898
3187 0.724518
3188 0.724201
3189 0.72394
3190 0.723728
3191 0.72356
3192 0.723438
3193 0.723359
3194 0.723321
3195 0.723324
3196 0.723367
3197 0.723449
3198 0.723569
3199 0.723725
3200 0.723915
3201 0.724141
3202 0.724399
3203 0.724688
3204 0.725008
3205 0.725358
3206 0.72574
3207 0.726145
3208 0.726577
3209 0.727033
3210 0.727513
3211 0.728017
3212 0.728541
3213 0.729087
3214 0.729652
3215 0.730233
3216 0.730834
3217 0.731455
3218 0.732085
3219 0.73273
3220 0.733387
3221 0.734054
3222 0.734732
3223 0.735419
3224 0.736114
3225 0.736816
3226 0.737523
3227 0.738238
3228 0.738959
3229 0.739676
3230 0.740395
3231 0.741114
3232 0.741832
3233 0.742548
3234 0.74326
3235 0.743967
3236 0.74467
3237 0.745364
3238 0.746054
3239 0.746737
3240 0.747405
3241 0.748061
3242 0.748706
3243 0.749336
3244 0.749951
3245 0.750551
3246 0.751134
3247 0.751699
3248 0.752244
3249 0.752772
3250 0.753278
3251 0.753758
3252 0.754215
3253 0.754647
3254 0.755052
3255 0.755431
3256 0.755781
3257 0.756101
3258 0.756392
3259 0.75665
3260 0.756877
3261 0.757069
3262 0.757225
3263 0.757344
3264 0.757426
3265 0.75747
3266 0.757473
3267 0.757437
3268 0.757358
3269 0.757236
3270 0.75707
3271 0.756856
3272 0.756596
3273 0.756291
3274 0.755936
3275 0.755531
3276 0.755075
3277 0.754567
3278 0.754005
3279 0.753389
3280 0.752718
3281 0.75199
3282 0.751196
3283 0.750351
3284 0.74945
3285 0.748492
3286 0.74748
3287 0.746412
3288 0.745291
3289 0.744117
3290 0.742891
3291 0.741613
3292 0.740285
3293 0.738894
3294 0.737465
3295 0.73599
3296 0.734467
3297 0.732898
3298 0.731282
3299 0.729622
3300 0.727918
3301 0.72617
3302 0.724381
3303 0.722548
3304 0.720657
3305 0.718744
3306 0.716792
3307 0.7148
3308 0.712771
3309 0.710706
3310 0.708605
3311 0.706468
3312 0.704295
3313 0.702091
3314 0.699849
3315 0.697558
3316 0.695258
3317 0.692925
3318 0.690564
3319 0.688173
3320 0.685755
3321 0.683308
3322 0.680836
3323 0.678337
3324 0.675817
3325 0.673261
3326 0.670669
3327 0.668079
3328 0.665464
3329 0.662828
3330 0.660173
3331 0.657499
3332 0.654806
3333 0.652095
3334 0.649366
3335 0.646626
3336 0.643854
3337 0.641061
3338 0.638278
3339 0.635477
3340 0.632665
3341 0.629842
3342 0.627009
3343 0.624166
3344 0.621314
3345 0.618455
3346 0.615587
3347 0.612717
3348 0.609825
3349 0.60692
3350 0.604036
3351 0.601144
3352 0.598252
3353 0.595357
3354 0.592462
3355 0.589566
3356 0.586672
3357 0.583778
3358 0.580892
3359 0.577987
3360 0.575087
3361 0.572212
3362 0.569338
3363 0.566473
3364 0.563613
3365 0.560764
3366 0.557922
3367 0.55509
3368 0.552267
3369 0.549461
3370 0.546642
3371 0.543843
3372 0.541075
3373 0.538317
3374 0.535576
3375 0.532853
3376 0.530152
3377 0.527477
3378 0.524834
3379 0.522224
3380 0.519657
3381 0.517109
3382 0.514622
3383 0.512198
3384 0.509826
3385 0.507515
3386 0.505268
3387 0.50309
3388 0.500984
3389 0.498954
3390 0.497007
3391 0.495145
3392 0.493355
3393 0.491673
3394 0.490093
3395 0.488613
3396 0.487239
3397 0.485976
3398 0.484828
3399 0.483798
3400 0.48289
3401 0.482111
3402 0.481462
3403 0.480944
3404 0.480571
3405 0.480342
3406 0.480261
3407 0.480333
3408 0.480561
3409 0.480949
3410 0.481502
3411 0.482225
3412 0.48312
3413 0.484193
3414 0.48546
3415 0.486902
3416 0.488532
3417 0.490358
3418 0.492381
3419 0.494607
3420 0.49704
3421 0.499684
3422 0.502544
3423 0.505618
3424 0.508927
3425 0.512489
3426 0.516249
3427 0.520247
3428 0.524486
3429 0.52897
3430 0.533701
3431 0.538686
3432 0.543927
3433 0.549431
3434 0.555192
3435 0.56125
3436 0.567614
3437 0.574199
3438 0.581074
3439 0.588233
3440 0.595683
3441 0.603427
3442 0.61147
3443 0.619816
3444 0.628473
3445 0.637425
3446 0.64675
3447 0.656422
3448 0.666336
3449 0.676595
3450 0.687181
3451 0.698105
3452 0.70937
3453 0.720979
3454 0.732936
3455 0.745253
3456 0.757904
3457 0.771014
3458 0.784495
3459 0.798246
3460 0.812394
3461 0.826898
3462 0.841732
3463 0.856864
3464 0.872263
3465 0.887896
3466 0.903739
3467 0.919728
3468 0.935995
3469 0.952334
3470 0.96865
3471 0.985039
3472 1.00143
3473 1.01781
3474 1.03414
3475 1.05039
3476 1.06653
3477 1.08252
3478 1.09832
3479 1.11406
3480 1.12948
3481 1.14457
3482 1.15937
3483 1.17383
3484 1.18793
3485 1.20163
3486 1.2149
3487 1.22771
3488 1.24003
3489 1.25182
3490 1.26317
3491 1.27384
3492 1.28386
3493 1.29325
3494 1.30195
3495 1.30995
3496 1.31727
3497 1.32392
3498 1.32993
3499 1.33532
3500 1.3401
3501 1.34433
3502 1.34797
3503 1.35106
3504 1.35363
3505 1.35571
3506 1.35729
3507 1.35843
3508 1.35913
3509 1.3594
3510 1.35928
3511 1.35878
3512 1.35792
3513 1.35672
3514 1.35521
3515 1.35341
3516 1.35134
3517 1.34901
3518 1.34644
3519 1.34367
3520 1.3407
3521 1.33757
3522 1.33427
3523 1.33082
3524 1.32729
3525 1.32366
3526 1.32005
3527 1.31592
3528 1.31389
3529 1.3
